<?xml version="1.0"?>
<opencv_storage>
<calibration_time>"02/25/16 13:58:05"</calibration_time>
<nr_of_frames>25</nr_of_frames>
<image_width>640</image_width>
<image_height>480</image_height>
<board_width>8</board_width>
<board_height>6</board_height>
<square_size>3.5400001525878906e+001</square_size>
<fix_aspect_ratio>1.</fix_aspect_ratio>
<!-- flags: +fix_aspectRatio +fix_principal_point +zero_tangent_dist -->
<flags>6158</flags>
<fisheye_model>0</fisheye_model>
<camera_matrix type_id="opencv-matrix">
  <rows>3</rows>
  <cols>3</cols>
  <dt>d</dt>
  <data>
    7.4061663544395424e+002 0. 3.1950000000000000e+002 0.
    7.4061663544395424e+002 2.3950000000000000e+002 0. 0. 1.</data></camera_matrix>
<distortion_coefficients type_id="opencv-matrix">
  <rows>5</rows>
  <cols>1</cols>
  <dt>d</dt>
  <data>
    2.2886027047978286e-001 -1.0560190999094063e+000 0. 0.
    1.1226429729014524e+000</data></distortion_coefficients>
<avg_reprojection_error>4.2658376000212322e-001</avg_reprojection_error>
<per_view_reprojection_errors type_id="opencv-matrix">
  <rows>25</rows>
  <cols>1</cols>
  <dt>f</dt>
  <data>
    6.49630308e-001 5.47159314e-001 2.42178530e-001 1.70410171e-001
    4.86085296e-001 4.13069397e-001 3.59383374e-001 5.20877779e-001
    5.29928684e-001 5.29928684e-001 6.27055287e-001 4.37010705e-001
    3.67507130e-001 2.41636917e-001 3.57875943e-001 4.33099747e-001
    5.31177640e-001 1.36715621e-001 2.12069079e-001 3.26562762e-001
    3.55030209e-001 3.63076091e-001 5.71212053e-001 4.07478511e-001
    2.74405241e-001</data></per_view_reprojection_errors>
<extrinsic_parameters type_id="opencv-matrix">
  <rows>25</rows>
  <cols>6</cols>
  <dt>d</dt>
  <data>
    -1.8278303147813532e-001 -2.6676452635960757e-001
    4.2003758519849138e-002 -1.0139786256600971e+002
    -8.8950221567095355e+001 4.4568147444623929e+002
    -1.2382974994610789e-001 -1.5721000416885686e-001
    5.8894808875328823e-002 -9.2497926255844249e+001
    -9.9507343676651786e+001 4.5158191020598088e+002
    -9.1568623017147174e-002 7.4038187132123248e-002
    -1.3597533270793150e-003 -8.3700230983305389e+001
    -5.5928761285279350e+001 5.4437289514941642e+002
    -7.0587436786991881e-003 7.5178753145954305e-002
    -2.4781492360170351e-002 -8.6626373298564417e+001
    -9.7055773727793650e+001 5.2700782158196716e+002
    1.4696370094343030e-002 -8.2389944133814008e-002
    8.1532831261588914e-003 -1.5840021652493868e+002
    -1.1049253734716396e+002 4.8324066807191838e+002
    -4.9808441727976861e-002 -7.4307039208939121e-002
    2.4277599815224525e-003 -1.5803378469941768e+002
    -6.5957260628959020e+001 4.9497926370661497e+002
    6.0999932674448308e-003 -1.5296591260540249e-002
    3.5276524501493670e-003 -1.1616734855314621e+002
    -9.1042861892684385e+001 4.6003358665373179e+002
    -1.1401885788319088e-001 -5.6317401226649555e-001
    1.5678301499854948e-002 -1.5040117806719445e+002
    -9.8657637161894556e+001 5.2803604459751728e+002
    4.2026171842509497e-001 -1.3668813090040911e-002
    -1.2727827329596514e-002 -1.2053392453303753e+002
    -1.0611422831234886e+002 5.0398805367552131e+002
    4.2026171842509508e-001 -1.3668813090040985e-002
    -1.2727827329596538e-002 -1.2053392453303753e+002
    -1.0611422831234884e+002 5.0398805367552131e+002
    -5.7779386155565726e-001 2.0774322496857102e-002
    -1.3791555490200183e-002 -1.1731752660921772e+002
    -4.9663955257521174e+001 5.5156725898357524e+002
    -2.5036235529120143e-001 -1.6619087984392161e-001
    5.8577893213150947e-002 -1.0444001060127025e+002
    -9.9706084112508819e+001 6.0259458427674315e+002
    -2.2178348507586751e-001 1.9440981253346321e-001
    2.1751759206084714e-002 -1.1991753369776850e+002
    -6.4225812736243512e+001 6.0277801438693598e+002
    1.2744752320123443e-001 1.8092156178600338e-001
    6.0590220515793786e-003 -9.6620958043279373e+001
    -1.1832422178617985e+002 5.6462110328504548e+002
    2.5026423988051472e-001 6.3685499845207882e-002
    -5.3062998145794087e-003 -1.4652403704987171e+002
    -1.2420569694104260e+002 5.6936816667455253e+002
    -2.9498250294882944e-001 9.1221968456516214e-002
    -1.5069208965229038e-002 -1.2744408016781085e+002
    -6.9521155874077294e+001 5.5472223118415923e+002
    9.6303450829841285e-003 -1.4277351627622606e-001
    1.6266619422608791e-002 -1.4044730810538590e+002
    -7.7989311977715261e+001 4.9817383616412837e+002
    3.8006942057920615e-002 5.5573749047556048e-002
    1.8175053830103594e-002 -9.2023584986557736e+001
    -1.1897665420874074e+002 6.8373941442812645e+002
    -5.8220435967573467e-002 6.9994544393670602e-002
    6.2935419754461229e-003 -8.3598768110920162e+001
    -4.9620297915187138e+001 6.9975066003509130e+002
    1.8715177125610188e-001 -1.2686737497066480e-001
    1.2608998775175007e-001 -5.7244142512258350e+001
    -7.7895369656884952e+001 5.8006992438992108e+002
    4.0690598706934600e-001 3.0102505342932007e-001
    -6.6334657452010393e-002 -7.0724981238613722e+001
    -1.0911827418366701e+002 5.9095603742342757e+002
    -2.5628940771898323e-001 -1.4074944609807047e-001
    -6.9448490699275611e-002 -1.7954812789914936e+002
    -1.2743431468310617e+002 5.3615786827209399e+002
    -3.4015999602581848e-001 -9.0483640937073728e-002
    -1.4090086568825100e-002 -1.7056296121056894e+002
    -5.5291249483998421e+001 5.6109219654954666e+002
    -3.2718638141783762e-001 6.4868443950642063e-002
    -1.7301739123905841e-003 -8.0386035287291804e+001
    -5.3008936330882932e+001 5.8001941188853903e+002
    1.6523720354173002e-002 1.9734774604494836e-002
    1.8688177784431379e-003 -1.1821346548836853e+002
    -8.5518795528882251e+001 4.3335074140730109e+002</data></extrinsic_parameters>
